Job Name: SleepProcess

Job State: Completed

Command: 

Start-Sleep -Seconds 60; Get-Process

Output:


Handles  NPM(K)    PM(K)      WS(K) VM(M)   CPU(s)     Id  SI ProcessName                                              
-------  ------    -----      ----- -----   ------     --  -- -----------                                              
    230      26    46336       7544   269     1.77   6788   1 Adobe CEF Helper                                         
    493      40    86704      41604   300    74.69  18820   1 Adobe Desktop Service                                    
    201      15     3820       3648    93    37.77  19832   1 AdobeIPCBroker                                           
    149      12     1920       1636    69           16348   0 AdobeUpdateService                                       
    255      15     4988      10704    82             904   0 AGSService                                               
   1037      45    38744      33340 ...43     2.55   2856   1 ApplicationFrameHost                                     
    137       8     1756       3004    78     0.09   8532   1 AppVShNotify                                             
    179      11     9236      15044 ...44     0.09  10700   0 audiodg                                                  
    567      48    35372      41708 ...62     0.63  20156   1 AuthHost                                                 
    364      16     5152      17556 ...56     0.03   8836   1 browser_broker                                           
     35       3      424        692    11     0.03  10064   1 CCXProcess                                               
    867      64    38916       3248 33571     0.72   5744   1 CompanionApp                                             
    154      11     5024      11736 ...46     0.06   1872   1 conhost                                                  
     88       7    10108        920 ...38     0.05  13672   1 conhost                                                  
     89       7     4128       6680 ...34     0.00  15064   1 conhost                                                  
    349      25     9564       9264   174    21.73  19616   1 CoreSync                                                 
    613      46    43244      20616   340    76.84   6188   1 Creative Cloud                                           
    383      15     1624       2020 ...07             548   0 csrss                                                    
    615      23     2904       7372 ...45             664   1 csrss                                                    
   1356      71    87500       1760   796    44.45   6352   1 CurseClient                                              
    558      16     9568      14604 ...27            1692   0 dasHost                                                  
    212      10     4368       6716 ...46     6.38  15392   1 dllhost                                                  
   1016      63   175796     150464 ...57             364   1 dwm                                                      
   3208     120   377612    1544844 ...82 2,725.58    944   1 explorer                                                 
    120       9     1540       8748    67     1.78  17532   1 FMAPP                                                    
     34       7     2244        664 ...25            6860   1 fontdrvhost                                              
    108      10     2904       7192    84     0.08    856   1 Git-2.10.0-64-bit                                        
    105      10     2892       7016    84     0.08  18888   1 Git-2.10.0-64-bit                                        
    217      16     3848      15064   103     0.03   6680   1 Git-2.10.0-64-bit.tmp                                    
    221      19    10092      22580   158     3.27  14308   1 Git-2.10.0-64-bit.tmp                                    
    530      26     7552       5968 ...39     0.52  10124   1 HubTaskHost                                              
      0       0        0          4     0               0   0 Idle                                                     
    159       9    14688       8032    61            1356   0 igfxCUIService                                           
    177      13     5004       6420   110     9.75   3504   1 igfxEM                                                   
    112      10     2080       3304    64     0.27   4592   1 igfxHK                                                   
    152      11     3372       5528   101     2.06   2056   1 igfxTray                                                 
    214      15     7904       3248   110            2224   0 IpOverUsbSvc                                             
    343      19     4564       9036   115     2.69   6536   1 jusched                                                  
   1547      23     9644      14296 ...08             740   0 lsass                                                    
    731      43    25136        608   377     0.64   4900   1 Microsoft.Msn.Money                                      
    960      54    35268      76656 ...83 1,007.72   8692   1 MicrosoftEdge                                            
    909      93   156292     194784 ...06    11.97  11412   1 MicrosoftEdgeCP                                          
    261      12     3128      10528 ...95           17016   0 MpCmdRun                                                 
    268      19     7172      22700 ...67    32.08  12312   1 MSASCui                                                  
    756      75   315020     231684 ...61            2232   0 MsMpEng                                                  
    276      16    16536       1824 ...19            4152   0 NisSrv                                                   
    454      35    53172      17588   288    33.02  15132   1 node                                                     
    173       9     2276       3972    74            1320   0 nvvsvc                                                   
    234      16     5748       7452   126            1584   1 nvvsvc                                                   
    290      18     8640      14572   164            1556   1 nvxdsync                                                 
    759      29    51104      58552   280            2976   0 OfficeClickToRun                                         
   1006      42    45520      26544 ...10     0.97  16336   1 OHub                                                     
    851      49    86168      81100   413   247.22  16664   1 OneDrive                                                 
   1144      57    38016      72620 ...38     1.25  18380   1 onenoteim                                                
    278      18    23288      33964 ...84     1.06  11800   1 PickerHost                                               
    653      33    98116     104656 ...55     1.47   2492   1 powershell                                               
    493      25    59092      72648 ...73     2.25   4748   1 powershell                                               
    193      25    24800       3348   522            2484   0 PresentationFontCache                                    
    258      14     5724       4636   114     1.58   3980   1 RAVBg64                                                  
    257      13     5752       4060   114     1.53   4964   1 RAVBg64                                                  
    261      14     5672       4432   114     1.84   6044   1 RAVBg64                                                  
    324      15     4772       7820   126     2.11   3952   1 RAVCpl64                                                 
    188      13    14232       3756   121     0.81   5676   1 RTFTrack                                                 
   1866      48    40324      52668 ...87 1,074.91    464   1 RuntimeBroker                                            
     97       6     1084       5344 ...83           18572   0 SearchFilterHost                                         
    731      71    32688      35064 ...47            9652   0 SearchIndexer                                            
    325      12     2576      11508 ...27           13324   0 SearchProtocolHost                                       
    867      70    62840     117040 ...47     4.83   9668   1 SearchUI                                                 
    278       9     3948       4700 ...74             732   0 services                                                 
    514      25    19504       5100 ...03    97.05    756   1 SettingSyncHost                                          
   1557      48    43080      83080 ...01   143.98   4972   1 ShellExperienceHost                                      
    593      15     9120      19300 ...58   112.48   4348   1 sihost                                                   
    211      11     2144       4716    68            2252   0 SkypeC2CAutoUpdateSvc                                    
    121      58     1852       1008    38            2312   0 SkypeC2CPNRSvc                                           
    855      42    12132      11380   235    14.64    828   1 SkypeHost                                                
     49       3      424        224 ...58             388   0 smss                                                     
    414      22     7316       9300 ...24            1244   0 spoolsv                                                  
    100       8     1604       1336    40            2440   0 sqlwriter                                                
   1346      92    67116      40172   374 ...73.89   8492   1 Steam                                                    
    207      13    11064       2092    78           10564   0 SteamService                                             
    448      31    82580       3984   380    15.14   4616   1 steamwebhelper                                           
    730      31    21776      16516   263   201.25   9708   1 steamwebhelper                                           
    395      24    30880       3756   233     4.17  12136   1 steamwebhelper                                           
   1062      49    14180      17804 ...52             440   0 svchost                                                  
   2854      48    23932      21840 ...29             472   0 svchost                                                  
   1150      23    10812      15204 ...43             840   0 svchost                                                  
    808      17    14224      14360 ...04             896   0 svchost                                                  
    248      22     7816      15812 ...60             992   0 svchost                                                  
   1058      51    14956      28148 ...02            1032   0 svchost                                                  
   1004      35    20544      25208 ...02            1040   0 svchost                                                  
  10486      77    90704      60080 ...77            1260   0 svchost                                                  
    543      69     5888       9748 ...13            1268   0 svchost                                                  
    613      48    20464      25416 ...37            1408   0 svchost                                                  
    546      29    14288      24008 ...64            2212   0 svchost                                                  
    152      10     2648       4604 ...02            2384   0 svchost                                                  
    372      26     7384      19144 ...34    14.94   7952   1 svchost                                                  
    488      15     6836      10328   118   139.00   5992   1 SynTPEnh                                                 
     50       6      780       1844    46     1.44   4400   1 SynTPHelper                                              
   1515       0     1044     100656   349               4   0 System                                                   
    274      14     3092       6616 ...58    32.56   5548   1 TabTip                                                   
     58       6     1060       1012   105     0.06   5640   1 TabTip32                                                 
    119       8     1224       5912 ...84            4240   0 taskeng                                                  
    254      16     4764      15140 ...59     0.09   1156   1 taskhostw                                                
    473      32     9720      15812 ...02    20.52   4028   1 taskhostw                                                
    420      24    16496       1760   306     0.30   4360   1 Time                                                     
    283      28    14984       1156   632     0.11   2088   1 WhatsNew.Store                                           
     87       8      912        648 ...95             656   0 wininit                                                  
    213      10     2372       6092 ...13             984   1 winlogon                                                 
    168      10     2328       8664 ...18            6644   0 WmiPrvSE                                                 
    239      10     1552       1676 ...97            1172   0 WUDFHost                                                 
    288      30    20356       1228   670     0.14   7556   1 XboxApp                                                  



